
state={
	id=2
	name="STATE_2"
	impassable = yes
	provinces={
		160 386 492 710 850 1066 1122 1488 1560 1678 1708 1852 1938 2270 2403 2445 2553 2923 3322 3378 3426 3579 3616 3644 3962 4025 4315 4779 4904 5015 5337 5541 5602 5918 5998 6037 6438 6520 6593 7089 7150 7570 7779 7917 8106 8261 8416 8705 8813 9291 9328 9514 9523 9536 10032 10189 10279 10439 10651 10698 10922 11192 11236 11482 11891 12238 12355 12453 12504 12958 13278 13424 13504 13811 13897 14187 14488 14661 14733 14972 15593 15850 16589 16908 17277 
	}
	manpower=0
	buildings_max_level_factor=1.000
}
